Peak	FN_45	LN_45	N0_45	FN_60	LN_60	N0_60	FN_75	LN_75	N0_75
Analyte 6	0.016373615	0.015742372	0.016688968	0.00933104	0.019353162	0.021643411	0.013127905	0.016017226	0.011588751
Analyte 12	0.006861281	0.005293588	0.003663425	0.005774955	0.007040907	0.006276203	0.009497535	0.005682856	0.005860103
Analyte 24	9.26E-05	0.000100311	0.000120405	3.63E-11	5.10E-05	2.37E-05	4.85E-05	2.43E-05	0.000115961
Analyte 25	9.94E-05	0.000256161	0.000145193	0.00012468	0.000192567	0.000195692	0.000139089	0.000209486	0.00023606
Analyte 28	0.001218927	0.00058985	0.001081625	0.001247572	0.000899223	0.000277757	0.00064315	0.001871142	0.000589706
Analyte 29	0.000859186	0.000720912	0.000788626	0.001016959	0.000738752	0.000702886	0.001114636	0.000562542	0.000553183
Analyte 31	0.008859657	0.000298617	0.000147935	0.006904129	0.000219563	9.57E-05	0.006479417	0.000497484	0.000221007
Analyte 33	3.76E-11	0.000391438	0.000373235	3.63E-11	0.000276505	0.000317952	4.14E-11	0.000284002	0.00037321
Analyte 34	0.000129918	0.00019246	0.00013412	9.29E-05	0.000134989	0.000131699	9.80E-05	6.04E-05	0.000152111
Analyte 36	3.98E-05	6.14E-11	3.46E-06	8.58E-05	1.31E-06	5.40E-11	0.000228174	5.02E-05	4.67E-11
Analyte 37	4.45E-05	6.14E-11	4.93E-11	5.01E-05	4.61E-11	5.40E-11	3.63E-05	3.88E-11	4.67E-11
Analyte 43	4.04E-05	0.000103095	0.000151428	6.26E-05	6.62E-05	0.000131977	4.04E-05	5.75E-05	0.00010865
Analyte 47	5.57E-05	5.83E-05	7.62E-05	3.33E-05	5.73E-05	6.79E-05	4.87E-05	3.03E-05	7.04E-05
Analyte 48	0.000229255	0.000330561	0.000420553	0.000255007	0.000398299	0.000442084	0.000322031	0.0002591	0.000411424
Analyte 51	0.000141567	6.14E-11	2.30E-05	0.000103166	4.61E-11	5.40E-11	0.000151885	2.53E-05	1.92E-05
Analyte 52	1.61E-05	0.000143539	0.000176223	1.45E-05	0.000148302	0.000204148	1.23E-05	8.88E-05	0.000142861
Analyte 54	0.000839829	0.001657486	0.00158578	0.00082709	0.00091721	0.00175279	0.000999586	0.001040154	0.001458743
Analyte 56	0.000123875	0.00034666	0.000353634	0.000130085	0.000346212	0.000342895	8.28E-05	0.000269271	0.000329383
Analyte 58	0.000140066	3.97E-05	4.58E-05	0.00011359	4.02E-05	5.01E-05	0.000150546	3.38E-05	5.30E-05
Analyte 60	9.19E-05	0.000893353	0.001080329	9.84E-05	0.000999377	0.001278191	9.50E-05	0.000701686	0.000907251
Analyte 64	1.55E-05	6.47E-05	8.33E-05	1.70E-05	8.88E-05	0.000115123	5.95E-05	6.95E-05	6.88E-05
unknow	0.000100343	0.000335737	0.000549129	0.000121583	0.000394125	0.000380101	7.84E-05	0.000210073	0.000233615
Analyte 69	0.000121501	0.000110315	0.000108946	0.000197818	0.00010101	9.24E-05	0.000385229	0.000100111	8.46E-05
Analyte 70	6.86E-05	6.14E-11	4.93E-11	4.89E-05	4.61E-11	5.40E-11	7.09E-05	3.88E-11	4.67E-11
Analyte 75	0.000194105	0.000391828	0.000465135	0.000192322	0.000453656	0.00051058	0.000263553	0.000427694	0.000489993
2-hydroxypyridine	0.010158274	0.012549551	0.012225549	0.009090663	0.013181143	0.013297107	0.014001232	0.008873968	0.013583007
Analyte 82	0.000125917	0.000128458	0.000121222	0.000150208	0.000132227	8.91E-05	3.16E-05	0.000116176	9.66E-05
Analyte 87	4.84E-05	5.03E-05	6.05E-05	2.80E-05	5.50E-05	7.29E-05	3.29E-05	3.35E-05	4.07E-05
2-ketobutyric acid 2	3.76E-11	9.04E-05	7.80E-05	3.43E-05	1.90E-05	0.000169635	4.14E-11	1.16E-05	7.27E-05
Analyte 94	0.000314166	0.000634906	0.000449468	0.000301167	0.000768394	0.000864044	0.000472033	0.000538989	0.000473582
glycolic acid	0.00054526	0.000792375	0.000865381	0.000575793	0.000884024	0.000958107	0.000700716	0.000538843	0.000818434
Analyte 101	0.000187447	0.000337839	0.000259265	0.000175962	0.000346456	0.000394391	0.000346731	0.000301581	0.000352346
Analyte 106	0.000106964	1.97E-05	2.56E-05	0.000167058	2.68E-05	3.07E-05	3.25E-05	5.19E-05	3.38E-05
Analyte 107	1.39E-05	0.000121475	9.05E-05	1.72E-05	9.71E-05	0.000118259	6.56E-06	7.56E-05	6.69E-05
Maleimide	0.000345612	0.000628838	9.72E-05	0.000469806	0.000221976	8.30E-05	7.47E-05	0.000200908	0.000132415
Analyte 125	0.00043624	0.000523704	0.000346567	0.000312725	0.000494281	0.00050964	0.000415676	0.00056653	0.000509776
Analyte 130	3.76E-11	3.23E-05	4.57E-05	3.63E-11	9.30E-05	4.74E-05	4.14E-11	8.50E-05	4.09E-05
Analyte 131	0.000975291	0.001280969	0.000777733	0.001029241	0.001224644	0.001319188	0.001088719	0.001215811	0.001070475
Lactamide 2	1.79E-05	3.38E-05	2.21E-05	4.73E-06	4.61E-05	5.24E-05	2.98E-05	2.45E-05	3.05E-05
3-Hydroxypropionic acid 1	0.01090031	0.020136661	0.012637764	0.011360118	0.02182845	0.021241452	0.011267368	0.012043315	0.018145275
Analyte 157	1.30E-05	5.98E-06	1.07E-05	2.48E-05	8.75E-06	1.28E-05	3.97E-05	1.04E-05	1.02E-05
benzyl alcohol	9.65E-06	4.96E-05	4.08E-05	2.06E-05	2.41E-06	2.47E-05	3.45E-05	2.06E-05	2.29E-05
Methyl Phosphate	0.001704992	0.003459497	0.001964622	0.001697752	0.00250461	0.002168233	0.000280029	0.00156327	0.002364439
Analyte 176	0.000132562	0.000322695	0.000255094	0.000149869	0.000285056	0.000242608	0.000135164	0.000225099	0.000160656
Analyte 183	0.000734464	0.00015278	7.01E-05	0.000736541	0.000118905	0.000114524	0.000674983	0.00012747	6.81E-05
N-Ethylglycine 2	0.000425143	0.000450721	0.000467263	0.000209888	0.000551453	0.000664501	0.000490798	0.00049131	0.0005292
Analyte 189	1.92E-05	2.26E-05	1.80E-05	1.65E-05	3.78E-05	2.82E-05	1.84E-05	2.90E-05	2.98E-05
malonic acid 1	0.000281025	0.001661113	0.001758979	0.000409187	0.001806627	0.002241848	0.000356727	0.001010684	0.001611677
valine	0.000992418	0.000383087	0.000171217	0.00060172	0.000400272	0.000148818	0.000942867	0.000529478	0.000403995
Carnitine	1.93E-05	4.23E-05	2.82E-05	6.46E-06	3.46E-05	2.99E-05	4.05E-05	3.45E-05	2.89E-05
Analyte 207	0.000135593	8.55E-05	4.32E-05	0.000213993	5.33E-05	2.94E-05	4.44E-05	0.000123725	8.68E-05
4-hydroxybutyrate	1.45E-05	5.17E-05	3.90E-05	2.10E-05	2.89E-05	5.44E-05	2.08E-05	1.13E-05	4.85E-05
urea	3.95E-05	5.02E-05	4.76E-05	3.69E-05	5.87E-05	6.18E-05	3.81E-05	5.17E-05	5.47E-05
benzoic acid	8.36E-05	0.000100637	0.000116049	7.68E-05	7.91E-05	0.000129061	9.08E-05	6.75E-05	0.000109448
phosphate	0.035910537	0.042452709	0.02281928	0.031579535	0.035406618	0.029597594	0.004867919	0.043594478	0.03641902
Isoleucine	0.000413273	0.000129161	7.44E-05	0.000443352	0.000207535	8.23E-05	0.00079841	0.00029129	0.000190257
proline	0.001256547	8.17E-05	5.73E-05	0.0021318	0.00041132	0.000150657	0.000730718	0.000750845	0.00032042
maleic acid	0.002377124	0.001184103	0.001105484	0.002022806	0.001372712	0.001147687	0.00365693	0.00183027	0.001835284
1,3-Cyclohexanedione 2	1.73E-06	6.14E-11	4.93E-11	1.27E-05	4.61E-11	5.40E-11	0.00013777	6.08E-06	4.67E-11
Analyte 263	2.77E-05	4.63E-05	5.07E-05	2.48E-05	3.84E-05	4.50E-05	3.38E-05	4.09E-05	4.33E-05
D-Glyceric acid	0.000268758	0.000436339	0.000366083	0.00031987	0.000423721	0.000335237	0.000326905	0.000294172	0.000284171
uracil	4.46E-05	8.90E-05	5.06E-05	5.67E-05	5.94E-05	4.30E-05	6.54E-05	6.76E-05	3.00E-05
Analyte 291	0.000289706	5.75E-05	2.27E-05	0.000399222	3.00E-05	1.16E-05	9.96E-05	0.000159301	3.68E-05
3-Hydroxynorvaline 2	0.000484238	0.000318172	0.000339315	0.000330899	0.000466191	0.000303663	0.000217712	0.000459652	0.000409756
Pyrrole-2-Carboxylic Acid	3.86E-05	1.80E-05	6.28E-06	3.98E-05	1.05E-05	3.42E-06	4.00E-05	2.38E-05	4.13E-06
2,3-Dimethylsuccinic acid	0.000705711	6.59E-06	1.78E-05	0.000866391	2.59E-05	5.40E-11	0.0005832	0.000298808	0.00013156
N-Acetyl-beta-alanine 1	0.000421836	9.00E-05	3.54E-05	0.00030871	5.39E-05	2.29E-05	0.000152356	0.00026167	5.38E-05
3-Cyanoalanine	0.00177266	2.76E-05	1.04E-05	0.002251021	4.93E-05	5.40E-11	0.000601031	9.67E-05	8.89E-06
threonine 1	0.000429346	0.000115107	6.90E-05	0.000324207	0.00015278	7.25E-05	9.19E-05	0.000278805	0.000175559
resorcinol	0.000183071	0.000256579	0.000236984	0.000154194	0.000283777	0.000248344	0.000287108	0.000248849	0.000261097
Tartronic acid	0.000298807	0.000109903	4.82E-05	0.000371418	4.89E-05	2.18E-05	8.73E-05	0.00017433	8.26E-05
Analyte 322	4.69E-05	7.40E-05	7.09E-05	4.85E-05	5.81E-05	8.56E-05	5.64E-05	5.01E-05	5.28E-05
2-methylfumarate	4.40E-05	2.49E-05	3.33E-05	2.46E-05	1.53E-05	2.18E-05	3.70E-05	2.83E-05	1.39E-05
Analyte 330	9.89E-05	6.03E-05	5.76E-05	0.000134714	7.69E-05	4.62E-05	0.000103732	9.61E-05	5.08E-05
hydroquinone	2.46E-05	6.14E-11	4.93E-11	3.53E-05	4.61E-11	5.40E-11	5.75E-05	7.85E-06	2.54E-06
beta-Alanine 2	4.77E-05	2.59E-05	2.60E-05	3.98E-05	2.09E-05	1.82E-05	2.32E-05	3.41E-05	3.36E-05
L-Threose 2	0.000222265	0.000283694	0.000376996	0.000174637	0.000290304	0.000337361	5.67E-05	0.000303774	0.000326504
Analyte 367	0.000119282	7.12E-05	0.000175332	8.39E-05	8.79E-05	3.24E-05	4.59E-05	0.000176206	3.28E-05
Analyte 373	3.75E-05	3.90E-05	4.71E-05	1.79E-05	4.70E-05	5.37E-05	8.84E-06	4.25E-05	4.67E-05
Threitol	2.30E-05	3.50E-05	4.04E-05	2.28E-05	3.71E-05	4.81E-05	2.55E-05	4.39E-05	4.49E-05
MALONAMIDE 1	0.000144072	0.000194948	0.000211984	8.06E-05	0.000204904	0.000210796	0.000168005	0.000142787	0.000148481
Analyte 379	0.000138494	0.000215843	0.000183834	0.000114662	0.000173654	0.000223173	8.94E-05	0.000163649	0.000170667
N-Acetyl-L-leucine 1	0.001385346	0.001856248	0.001370896	0.000912894	0.001639181	0.001531249	4.14E-11	0.001902334	0.001677853
adipic acid	1.81E-05	5.23E-05	6.23E-05	1.36E-05	7.35E-05	7.70E-05	4.14E-11	4.52E-05	4.64E-05
Analyte 385	3.64E-05	3.47E-05	3.61E-05	3.19E-05	3.24E-05	4.47E-05	1.19E-05	4.39E-05	2.51E-05
4-Hydroxymandelonitrile 2	0.000480099	0.000646616	0.000599835	0.000606135	0.00063897	0.000661217	0.00073386	0.000545778	0.00064997
Analyte 388	6.77E-05	9.29E-05	7.56E-05	2.02E-05	7.68E-05	6.24E-05	1.14E-05	4.69E-05	5.31E-05
aspartic acid 1	0.010813891	0.002715573	0.001747888	0.007923932	0.004104081	0.001588565	0.015306746	0.012520113	0.007142938
methionine 1	8.36E-05	9.91E-06	6.08E-06	9.12E-05	3.11E-05	5.40E-11	1.93E-05	8.92E-05	1.53E-05
oxoproline	0.101873943	0.026242267	0.017310452	0.126872182	0.02577968	0.015403556	0.044223669	0.06474797	0.041624055
L-glutamic acid	0.000674155	0.000755589	0.000452163	0.000905784	0.000592266	0.000444409	0.000123072	0.000667792	0.000803704
4-aminobutyric acid 1	0.011881828	0.006411719	0.004263152	0.014914573	0.005962384	0.003290793	0.017961019	0.009658593	0.005019853
Analyte 408	0.001358631	0.003198758	0.00333261	0.001632115	0.004035379	0.003078378	0.004062639	0.003348666	0.002818801
Analyte 410	2.01E-05	3.43E-05	2.98E-05	1.57E-05	3.62E-05	2.02E-05	5.63E-06	3.30E-05	1.09E-05
Threonic acid	3.76E-11	5.24E-05	6.81E-05	3.63E-11	3.56E-05	2.06E-05	4.14E-11	2.34E-05	2.73E-05
Analyte 414	1.79E-05	2.13E-05	1.87E-05	1.09E-05	1.49E-05	1.26E-05	2.88E-06	1.53E-05	2.01E-05
alpha-ketoglutaric acid	0.014595339	0.047905922	0.053315711	0.015009296	0.042253201	0.046627319	0.033753654	0.045566985	0.042267748
Analyte 421	0.000732231	0.001570983	0.001495649	0.000260172	0.001589344	0.001635605	0.00110938	0.001409052	0.001087948
Analyte 429	0.000691871	0.001225329	0.000994331	0.000547481	0.000916735	0.001209951	0.000795858	0.000929261	0.001091945
glutamic acid	0.002574782	0.000556207	0.000300344	0.002888474	0.000780864	0.000277506	0.001843224	0.001836001	0.000897678
4-hydroxyphenylacetic acid	0.000508669	0.000927714	0.000631086	0.000323725	0.000946244	0.000997495	4.03E-05	0.000709632	0.000819318
pyrophosphate 3	1.64E-05	2.00E-05	2.82E-05	1.93E-05	2.29E-05	1.16E-05	3.65E-07	2.24E-05	1.29E-05
1,2-Cyclohexanedione 4	5.04E-05	4.64E-06	4.35E-06	8.56E-05	7.85E-06	3.01E-06	3.44E-05	1.99E-05	4.19E-06
asparagine 1	0.004257575	6.14E-11	4.93E-11	0.004993047	4.61E-11	5.40E-11	0.001332269	9.77E-05	4.67E-11
Levoglucosan	0.00044056	0.000454596	0.000449895	0.000392463	0.000574089	0.000634732	0.000522227	0.00046744	0.000311492
Biuret 1	2.59E-05	6.14E-11	1.70E-05	4.00E-05	5.64E-06	6.51E-06	4.14E-11	2.21E-05	1.38E-05
alpha-Aminoadipic acid	4.56E-05	1.63E-05	2.58E-06	4.76E-05	3.29E-06	5.40E-11	7.65E-05	4.96E-06	4.67E-11
2,5-dihydroxybenzaldehyde	0.000242978	0.000433138	0.000514301	0.000212964	0.000408848	0.000348755	0.000299027	0.00024422	0.00034844
ribitol	0.143755165	0.132641763	0.182125183	0.149307133	0.175973608	0.182280151	0.168985597	0.143867861	0.170716567
Aconitic Acid	0.000108307	3.32E-05	2.61E-05	2.29E-05	5.46E-05	2.89E-05	8.29E-05	6.45E-05	2.67E-05
Glucose-1-phosphate	0.012479006	0.012303408	0.008317032	0.010929317	0.012338477	0.01196321	0.015716844	0.014279905	0.013006944
D-(glycerol 1-phosphate)	0.000157105	0.000232332	0.000235422	0.000259949	0.000405753	0.000321153	0.000327855	0.000304892	0.000387859
3,6-Anhydro-D-galactose 4	0.000140237	7.19E-05	7.24E-05	8.70E-05	0.000151782	4.35E-05	4.14E-11	3.88E-11	4.67E-11
2-Deoxy-D-galactose 1	6.46E-06	2.34E-05	1.82E-05	1.91E-05	4.61E-11	1.88E-05	2.08E-05	1.54E-05	1.17E-05
shikimic acid	0.000867045	0.000924887	0.000745094	0.000845737	0.000588698	0.000544969	0.000633692	0.000852739	0.000877123
alpha-D-glucosamine 1-phosphate	3.76E-11	0.001908461	0.003121016	0.001367993	0.00077835	0.001858182	0.000906802	0.00373151	0.001639209
citric acid	0.085591268	0.055788193	0.024988784	0.057307762	0.059250271	0.040805553	0.096866717	0.071791552	0.053820501
Homogentisic acid	0.000134011	0.000112831	5.95E-05	0.000186831	7.86E-05	7.52E-05	9.60E-05	8.36E-05	7.49E-05
Myristic Acid	3.59E-05	3.74E-06	2.70E-05	3.69E-05	4.31E-05	1.46E-05	2.88E-05	3.49E-05	2.17E-05
Analyte 637	3.76E-11	7.03E-05	7.68E-05	4.33E-06	4.90E-05	5.55E-05	4.14E-11	1.12E-05	2.03E-05
1,5-Anhydroglucitol	0.005212535	0.00449197	0.006825972	0.004914967	0.004457084	0.004355406	0.004986005	0.010638046	0.003517244
3,4-Dihydroxyphenylglycol	5.86E-06	1.50E-05	1.96E-05	3.15E-06	7.56E-06	1.69E-05	8.41E-06	8.19E-06	2.74E-05
fructose 2	0.000774909	0.006862312	0.002407944	3.63E-11	4.61E-11	5.40E-11	4.14E-11	3.88E-11	4.67E-11
D-Altrose 1	0.001095574	0.001469751	0.000724303	0.000791087	0.000608282	0.000396134	0.000792899	0.000302621	0.000886847
D-Talose 2	0.003384867	0.000827975	0.00271117	3.63E-11	4.61E-11	5.40E-11	4.14E-11	3.88E-11	4.67E-11
sorbitol	0.00057632	0.000689476	0.00089592	0.000859766	0.000875576	0.000854935	0.000908286	0.000772168	0.00107146
coniferyl alcohol	6.83E-05	0.000150936	9.75E-05	3.84E-05	6.35E-05	0.000126452	4.80E-05	5.75E-05	4.17E-05
4-hydroxycinnamic acid	0.000249041	0.000378985	0.000451845	0.00020004	0.000321829	0.000461514	0.000236955	0.000242373	0.000328433
Analyte 728	3.77E-05	6.74E-05	4.73E-05	4.39E-05	3.85E-05	9.31E-05	5.01E-05	3.79E-05	6.62E-05
pantothenic acid	0.00013241	7.26E-05	0.000204089	0.000149304	0.000149025	0.000132666	0.000105623	8.50E-05	0.000216319
Galactonic acid	0.00203368	0.001204206	0.001723866	0.002231321	0.001848224	0.001054125	0.002465514	0.001036426	0.001558369
Saccharic acid	0.000508054	0.000592394	0.001102898	0.000825353	0.000939887	0.000823927	0.000722504	0.000500067	0.001064899
xanthine	1.51E-05	3.46E-05	2.14E-05	1.83E-06	2.41E-05	3.58E-05	4.14E-11	9.61E-06	2.30E-05
Glucosaminic acid	0.000336812	9.94E-05	4.74E-05	0.000477354	8.07E-05	2.44E-05	5.83E-05	0.000153477	0.000103044
L-dopa 1	7.75E-05	6.14E-11	9.88E-05	0.000121522	4.24E-05	4.74E-05	4.14E-11	9.68E-05	0.000145311
cis-sinapinic acid	8.45E-05	0.000132304	0.000110338	3.63E-11	0.000140878	0.000141276	4.14E-11	7.58E-05	0.00010925
Analyte 768	1.49E-05	4.49E-06	5.49E-06	1.91E-05	1.21E-05	1.39E-06	1.95E-05	1.35E-05	1.45E-05
N-Acetyl-beta-D-mannosamine 1	1.82E-05	3.49E-05	3.86E-05	5.06E-06	4.11E-05	4.24E-05	2.75E-06	1.40E-05	3.14E-05
guanine 1	3.05E-05	2.64E-05	2.19E-05	4.83E-05	2.62E-05	2.75E-05	4.20E-05	3.49E-05	1.73E-05
d-Glucoheptose 2	6.26E-05	7.06E-05	4.62E-05	4.98E-05	4.61E-11	6.62E-05	4.14E-11	3.73E-05	1.50E-05
Isoxanthopterin	1.78E-05	2.35E-05	8.99E-06	3.79E-05	1.02E-05	1.25E-05	4.47E-05	1.12E-05	1.51E-05
noradrenaline	0.000433628	0.000252799	0.000210699	0.000417606	0.000215527	0.000250631	0.000500638	0.000230148	0.000244378
Phytol	8.84E-06	3.76E-05	2.61E-05	3.54E-06	3.76E-05	4.92E-05	3.60E-06	2.66E-05	4.26E-05
Indolelactate 1	1.62E-05	6.90E-06	1.10E-05	3.57E-05	1.91E-05	2.03E-05	4.62E-05	8.01E-06	2.15E-05
Analyte 827	5.19E-05	0.000143166	0.000103076	5.60E-05	0.000112809	0.000105733	6.68E-05	6.04E-05	0.000111354
Analyte 834	0.000115664	0.000257758	0.000194312	0.000110281	0.000119	0.000353898	6.29E-05	0.000190351	0.000115025
Thioctamide 1	8.87E-05	0.00010619	0.000206071	4.97E-05	6.71E-05	7.85E-05	8.80E-05	0.000127388	9.00E-05
Fructose 2,6-biphosphate degr prod 2	8.33E-05	0.000261091	0.000280106	0.00010237	0.000352176	0.000346317	0.000187094	0.000139469	0.000206796
3-Hydroxypalmitic acid	7.38E-05	5.57E-05	5.31E-05	9.43E-05	4.76E-05	4.99E-05	7.96E-05	5.08E-05	6.08E-05
stearic acid	2.11E-05	4.24E-05	4.91E-05	4.56E-06	5.35E-05	4.74E-05	5.78E-06	3.44E-05	4.32E-05
Analyte 862	4.10E-05	5.95E-05	2.60E-05	4.08E-05	5.03E-05	4.34E-05	3.52E-05	3.64E-05	4.04E-05
Analyte 880	4.04E-05	1.69E-05	5.43E-06	2.85E-05	2.86E-05	1.31E-05	5.29E-05	2.82E-05	1.79E-05
fructose-6-phosphate	0.00031912	0.000480367	0.000304348	0.000334502	0.000440501	0.000377123	0.000235616	0.00033487	0.000463621
Phenyl beta-D-glucopyranoside	0.001117637	0.001266877	0.00110304	0.001082474	0.00095827	0.001857807	0.000929342	0.000988672	0.001467348
glucose-6-phosphate 1	0.000524958	0.000726095	0.000431711	0.000542777	0.000667381	0.000560393	0.000423108	0.000495209	0.000721309
Purine riboside	0.0005068	0.000349965	0.000592791	0.000302191	0.000515889	0.000482165	0.000527979	0.000333276	0.000564058
Analyte 924	0.000709535	0.00101799	0.001051941	0.000452382	0.00085188	0.001380204	0.00015628	0.000848667	0.001269452
Analyte 937	4.03E-05	5.38E-05	0.000108692	4.92E-05	5.72E-05	0.000111983	4.52E-05	4.76E-05	7.09E-05
6-phosphogluconic acid	0.000126782	0.000154072	0.000109575	0.000150565	0.00012368	0.00012095	0.000121631	0.000128794	0.000107544
Analyte 957	0.000288254	0.001450595	0.001053922	0.000202677	0.001831428	0.001474364	0.000265487	0.000555172	0.00122894
uridine 2	2.61E-06	8.67E-05	0.000123921	2.75E-05	0.000154973	0.000123294	4.32E-05	0.000135646	0.000119043
Abietic Acid 1	1.77E-05	4.72E-05	9.77E-05	1.38E-05	9.74E-05	5.08E-05	4.60E-06	5.87E-05	3.90E-05
cytidine-monophosphate degr prod	6.27E-05	0.000109087	0.00010774	4.28E-05	7.55E-05	8.16E-05	2.07E-05	4.51E-05	9.00E-05
N-2-Fluorenylacetamide 2	0.000562904	0.000779976	0.000523792	0.000391325	0.001060677	0.000874254	0.000311422	0.000526684	0.00052471
Melatonin 1	0.000239383	0.000401663	0.000320111	0.000154121	0.000508845	0.00037953	0.000131789	0.000167109	0.000277354
DL-dihydrosphingosine 1	0.000365227	0.000492914	0.000686492	0.0002807	0.000598258	0.000705446	0.000491892	0.00028303	0.000722413
Neohesperidin	0.000275571	0.000477422	0.000318455	0.000178152	0.00051484	0.000525475	0.0001699	0.000272498	0.000425278
Analyte 991	0.000332891	0.000594134	0.0003302	0.000207893	0.000798126	0.000738197	0.000161055	0.000441951	0.000851368
Analyte 998	0.000335528	0.000757942	0.000565689	0.000221713	0.000537517	0.000545217	0.00032285	0.000508444	0.000487526
2-Monopalmitin	0.000319747	0.000430572	0.00039287	0.000188997	0.000399148	0.000456557	0.000289268	0.000432746	0.000494696
arbutin	0.000443237	0.001012539	0.000795561	0.000328602	0.000774852	0.001015824	0.000436693	0.000678252	0.000607048
Analyte 1026	2.68E-06	7.46E-06	8.69E-06	3.63E-11	1.43E-05	1.04E-05	4.14E-11	1.14E-05	9.97E-06
phytosphingosine 1	0.000268362	0.000376742	0.000238894	0.000191426	0.000481867	0.000417579	0.000184284	0.000244285	0.000324265
Analyte 1032	0.000241009	0.000604915	0.000411228	0.000238319	0.000889562	0.000603153	0.000328109	0.000370359	0.000332806
Analyte 1033	0.000612854	0.000968428	0.00054681	0.000412908	0.001201349	0.001055491	0.000386123	0.001011879	0.000682071
Analyte 1037	4.52E-05	0.000197425	9.23E-05	4.23E-05	0.000211461	0.000170614	5.16E-05	8.60E-05	0.00011772
Analyte 1038	1.57E-05	4.90E-05	1.21E-05	1.19E-05	6.01E-05	5.35E-05	7.65E-06	2.15E-05	3.76E-05
inosine	0.000214051	0.000268685	0.000297111	0.000234366	0.000417062	0.000360887	0.000385788	0.000336593	0.000234094
Analyte 1043	0.000115987	2.84E-05	4.89E-05	9.79E-05	3.76E-05	4.13E-05	0.000112278	3.66E-05	6.46E-05
Analyte 1044	6.80E-05	5.42E-05	6.72E-05	9.53E-05	6.07E-05	0.00010078	9.23E-05	5.75E-05	7.99E-05
Analyte 1052	0.000194172	0.000903898	0.000638121	0.000220619	0.000768217	0.00077768	0.000176252	0.000396846	0.000505403
2'-deoxyadenosine	2.95E-05	0.000102076	8.08E-05	3.63E-11	0.00011191	0.000100576	8.43E-06	0.000127568	9.44E-05
cellobiose 1	3.76E-11	5.88E-05	7.15E-05	2.47E-06	3.46E-05	9.40E-05	1.82E-06	4.09E-05	5.70E-05
lactose 2	0.000193144	0.000152225	0.000238041	0.000253823	0.000144947	9.87E-05	0.000133563	7.57E-05	0.000154084
D-Fructose 1,6-bisphosphate 1	2.36E-05	0.000105233	7.55E-05	2.67E-05	0.000158737	0.000125158	3.47E-05	0.000125464	0.000125517
Analyte 1097	3.79E-05	9.98E-05	2.90E-05	4.28E-05	5.68E-05	8.16E-05	6.04E-05	5.96E-05	6.85E-05
Prostaglandin E2 2	0.00025969	0.000380988	0.000256364	0.000161519	0.000495741	0.000403635	0.00015288	0.000201588	0.00059946
estra-1,3,5(10)-triene-3,6beta,17beta-triol	0.000370572	0.001197722	0.000668532	0.000190354	0.001693537	0.001443867	0.000234341	0.000651224	0.001765935
Palatinose	5.55E-05	0.000823694	0.000483456	8.08E-05	0.000719665	0.000517986	0.000184005	0.000457298	0.00047011
piceatannol 1	4.26E-05	0.000111178	7.67E-05	3.22E-05	0.000131687	0.000110769	5.36E-05	0.000131822	0.000134135
2-Methoxyestrone 2	5.94E-05	9.04E-05	3.96E-05	5.52E-05	9.04E-05	8.21E-05	8.11E-05	5.96E-05	8.14E-05
melibiose 2	0.001677779	0.003244541	0.002565484	0.00138557	0.002907408	0.005199894	0.001335758	0.001900559	0.002964107
4',5-dihyrroxy-7-methoxyisoflavone	7.87E-05	0.000167795	0.000136642	5.90E-05	0.00022373	0.000164063	4.83E-05	0.000182176	0.000245145
Analyte 1177	0.001013096	0.001761294	0.001299473	0.001214125	0.001056169	0.002446286	0.000939536	0.001001855	0.001435664
3'-adenylic acid	4.44E-05	0.000251115	0.000124973	1.76E-05	0.000354204	0.00035092	3.24E-05	0.000164454	0.000292206
Galactinol 1	0.00014814	3.42E-05	1.84E-05	0.000214898	6.34E-05	7.94E-05	0.000189522	4.45E-05	0.000141323
Tetrahydrocorticosterone 3	1.13E-05	3.11E-05	4.75E-05	3.63E-11	5.33E-05	5.65E-05	4.14E-11	4.04E-05	5.07E-05
Analyte 1190	3.76E-11	0.000212197	4.13E-05	3.63E-11	0.000159124	0.000156454	3.37E-05	5.50E-05	4.43E-05
Hesperitin 2	6.48E-05	0.000244419	0.000247687	5.19E-05	0.000379936	0.000280091	7.16E-05	0.000339013	0.000370379
Analyte 1196	0.005572448	0.005183532	0.006851294	0.006968217	0.005932905	0.005162817	0.004965905	0.00557137	0.007317394
Analyte 1200	0.000230125	0.000205752	0.000211509	0.000276351	0.000268773	0.000265144	0.000241117	0.000212271	0.000351385
Cholesterol-2,2,3,4,4,6-d6	5.37E-05	0.00012775	0.000188817	5.60E-06	0.000210121	0.000192029	4.14E-11	3.68E-05	0.000184022
Analyte 1231	0.001126708	0.000218245	0.001738496	0.000632286	0.001000383	0.001166604	0.000979833	0.000938913	0.001885004
Analyte 1236	0.009360354	0.024758072	0.012090914	0.008370149	0.014972978	0.01744878	0.002776231	0.010391279	0.019268248
